,Memory_PssTotal,Memory_PssClean,Memory_SharedDirty,Memory_PrivateDirty,Memory_SharedClean,Memory_PrivateClean,Memory_HeapSize,Memory_HeapAlloc,Memory_HeapFree,Memory_Views,Memory_ViewRootImpl,Memory_AppContexts,Memory_Activities,Memory_Assets,Memory_LocalBinders,Memory_ProxyBinders,Memory_ParcelMemory,Memory_ParcelCount,Memory_DeathRecipients,Memory_OpenSSLSockets,Memory_WebViews,API_Process_android.app.ActivityManager_killBackgroundProcesses,API_Process_android.os.Process_killProcess,API_Command_java.lang.Runtime_exec,API_Command_java.lang.ProcessBuilder_start,API_JavaNativeInterface_java.lang.Runtime_load,API_WebView_android.webkit.WebView_loadUrl,API_WebView_android.webkit.WebView_loadData,API_WebView_android.webkit.WebView_loadDataWithBaseURL,API_WebView_android.webkit.WebView_addJavascriptInterface,API_WebView_android.webkit.WebView_evaluateJavascript,API_WebView_android.webkit.WebView_postUrl,API_WebView_android.webkit.WebView_setWebContentsDebuggingEnabled,API_FileIO_libcore.io.IoBridge_open,API_FileIO_android.content.ContextWrapper_openFileInput,API_FileIO_android.content.ContextWrapper_openFileOutput,API_FileIO_android.content.ContextWrapper_deleteFile,API_Database_android.content.ContextWrapper_openOrCreateDatabase,API_Database_android.content.ContextWrapper_databaseList,API_Database_android.content.ContextWrapper_deleteDatabase,API_Database_android.database.sqlite.SQLiteDatabase_execSQL,API_Database_android.database.sqlite.SQLiteDatabase_deleteDatabase,API_Database_android.database.sqlite.SQLiteDatabase_getPath,API_Database_android.database.sqlite.SQLiteDatabase_insert,API_Database_android.database.sqlite.SQLiteDatabase_insertOrThrow,API_Database_android.database.sqlite.SQLiteDatabase_insertWithOnConflict,API_Database_android.database.sqlite.SQLiteDatabase_openDatabase,API_Database_android.database.sqlite.SQLiteDatabase_openOrCreateDatabase,API_Database_android.database.sqlite.SQLiteDatabase_query,API_Database_android.database.sqlite.SQLiteDatabase_queryWithFactory,API_Database_android.database.sqlite.SQLiteDatabase_rawQuery,API_Database_android.database.sqlite.SQLiteDatabase_rawQueryWithFactory,API_Database_android.database.sqlite.SQLiteDatabase_update,API_Database_android.database.sqlite.SQLiteDatabase_updateWithOnConflict,API_Database_android.database.sqlite.SQLiteDatabase_compileStatement,API_IPC_android.content.ContextWrapper_sendBroadcast,API_IPC_android.content.ContextWrapper_sendStickyBroadcast,API_IPC_android.content.ContextWrapper_startActivity,API_IPC_android.content.ContextWrapper_startService,API_IPC_android.content.ContextWrapper_stopService,API_IPC_android.content.ContextWrapper_registerReceiver,API_Binder_android.app.ContextImpl_registerReceiver,API_Binder_android.app.ActivityThread_handleReceiver,API_Binder_android.app.Activity_startActivity,API_Crypto_javax.crypto.spec.SecretKeySpec_$init,API_Crypto_javax.crypto.Cipher_doFinal,API_Crypto-Hash_java.security.MessageDigest_digest,API_Crypto-Hash_java.security.MessageDigest_update,API_DeviceInfo_android.telephony.TelephonyManager_getDeviceId,API_DeviceInfo_android.telephony.TelephonyManager_getSubscriberId,API_DeviceInfo_android.telephony.TelephonyManager_getLine1Number,API_DeviceInfo_android.telephony.TelephonyManager_getNetworkOperator,API_DeviceInfo_android.telephony.TelephonyManager_getNetworkOperatorName,API_DeviceInfo_android.telephony.TelephonyManager_getSimOperatorName,API_DeviceInfo_android.net.wifi.WifiInfo_getMacAddress,API_DeviceInfo_android.net.wifi.WifiInfo_getBSSID,API_DeviceInfo_android.net.wifi.WifiInfo_getIpAddress,API_DeviceInfo_android.net.wifi.WifiInfo_getNetworkId,API_DeviceInfo_android.telephony.TelephonyManager_getSimCountryIso,API_DeviceInfo_android.telephony.TelephonyManager_getSimSerialNumber,API_DeviceInfo_android.telephony.TelephonyManager_getNetworkCountryIso,API_DeviceInfo_android.telephony.TelephonyManager_getDeviceSoftwareVersion,API_DeviceInfo_android.os.Debug_isDebuggerConnected,API_Network_java.net.URL_openConnection,API_Network_com.android.okhttp.internal.huc.HttpURLConnectionImpl_getInputStream,API_DexClassLoader_dalvik.system.BaseDexClassLoader_findResource,API_DexClassLoader_dalvik.system.BaseDexClassLoader_findResources,API_DexClassLoader_dalvik.system.BaseDexClassLoader_findLibrary,API_DexClassLoader_dalvik.system.DexFile_loadDex,API_DexClassLoader_dalvik.system.DexFile_loadClass,API_DexClassLoader_dalvik.system.DexClassLoader_$init,API_Base64_android.util.Base64_decode,API_Base64_android.util.Base64_encode,API_Base64_android.util.Base64_encodeToString,API_SystemManager_android.app.ApplicationPackageManager_setComponentEnabledSetting,API_SystemManager_android.app.NotificationManager_notify,API_SystemManager_android.telephony.TelephonyManager_listen,API_SystemManager_android.content.BroadcastReceiver_abortBroadcast,API_SMS_android.telephony.SmsManager_sendTextMessage,API_SMS_android.telephony.SmsManager_sendMultipartTextMessage,API_DeviceData_android.content.ContentResolver_query,API_DeviceData_android.content.ContentResolver_registerContentObserver,API_DeviceData_android.content.ContentResolver_insert,API_DeviceData_android.content.ContentResolver_delete,API_DeviceData_android.accounts.AccountManager_getAccountsByType,API_DeviceData_android.accounts.AccountManager_getAccounts,API_DeviceData_android.location.Location_getLatitude,API_DeviceData_android.location.Location_getLongitude,API_DeviceData_android.media.AudioRecord_startRecording,API_DeviceData_android.media.MediaRecorder_start,API_DeviceData_android.os.SystemProperties_get,API_DeviceData_android.app.ApplicationPackageManager_getInstalledPackages,API__sessions,Network_TotalReceivedBytes,Network_TotalReceivedPackets,Network_TotalTransmittedBytes,Network_TotalTransmittedPackets,Battery_wakelock,Battery_service,Logcat_warning,Logcat_error,Logcat_info,Logcat_debug,Logcat_verbose,Logcat_total,Process_total,Hash,Category,Family,Before or After reboot
Memory_PssTotal,1.0,0.5766390875246656,-0.06820251593576887,0.9090731902261787,0.3700550249549929,0.5868715178305421,0.7412732504387732,0.7291109978812519,0.5625193139910462,0.2562106758281065,0.18772032353656495,0.27265076707910396,0.2509235975460791,0.45786199440067565,0.6042306518700775,0.5685952057140506,0.29362036386677304,0.4445176199365417,0.599508155698567,0.29351490712214856,0.4008008757579599,0.00819268185176725,-0.0024965934985779928,0.0390957613804526,0.06373545817414912,-0.00650981579215909,0.06633447223967397,0.09020893357824804,0.21179820734905663,0.11041538230808579,0.12791868758709557,0.022917469384395164,0.0050687479438337206,0.0809240356585719,0.06517819193360713,0.1359589525057882,0.13546123929800483,0.009937957427940243,-0.020491618731841306,0.009375050607000996,0.03131858777472744,0.009375050607000996,0.2168200034567714,0.06023699947591663,0.0047229174176246945,0.07315080173703839,0.2091758443117121,0.07171998266666678,0.07619433380107903,0.0721985212246487,0.1963210276290145,0.18818101759481384,0.08180199800477249,0.05596260497158583,0.20518120023138492,0.04572315412417653,0.008836797877677086,0.0010096784810508844,-0.0019181660653477166,0.04285064729527901,0.2737564289025585,0.1915559116462169,0.06619058037164148,-0.10940180436934727,0.0916151716111513,0.17972753922903123,0.211816273261023,0.1458504985013248,0.03670319427040396,0.0379520288295794,0.012723718211386799,0.17128382150899285,0.19602255512795827,0.1510314988604658,0.1734958935600247,0.016042642077823056,0.037729320318383865,0.0021689814515837205,0.0684782020799478,0.03708690510846957,0.3883137034006937,0.024639764917700934,-0.03438798298867955,0.09569668628377513,0.1806663150412937,0.03986111629567333,-0.006574304195118592,0.08292874196491279,-0.043031471244765834,-0.022208415019650637,-0.036902772883256246,-0.10155488749061203,0.1526876865076977,0.15021979159284496,-0.02328652147741972,0.01110067485089521,0.13166991225490327,-0.0639841930091213,-0.014708979044023844,-0.050188969456248296,0.10126968634997026,0.3208341791797657,0.04298737694774382,0.04007174282244435,0.13520348010659197,0.015738253119406242,0.003933723013042986,0.002302012096132698,-0.0016732233289461192,-0.0026774736609159557,0.047347186434514944,-0.0933459110650865,-0.28243376088219907,0.0226998683469562,0.0318098611954553,0.12885113039774992,0.05047302183426181,0.14441531961422252,0.015513466617208527,-0.03201445856994609,0.019796572612543997,-0.04081817106255082,-0.04634185175524128,-0.0385815847646233,-0.014957379838524345,-0.023900333676274,-0.0008166614965147395,-0.046051469810792084,-0.0493316480582705,0.008901488079499965
Memory_PssClean,0.5766390875246656,1.0,-0.044429189766465295,0.20412996585087698,0.4094305694138636,0.9909998378852611,0.34927561096194565,0.3679141454433722,0.17776897289120897,-0.01773670218546771,-0.04707539720061888,0.008781407879281215,-0.009283488333731545,0.4069054595237329,0.42160749761697536,0.3257169564001983,0.13457301380939996,0.23173601402545302,0.8214286292334715,0.04806746301878183,0.29361677965834665,-0.06217578123146577,-0.0040427428003524685,0.24457041334504162,0.2529785137416835,-0.003589666437382843,0.0938374674277437,0.04851406098104211,0.12447067836140624,0.17271545315162318,0.00984445354435639,0.014517823520498884,0.0077702205494294746,0.11173850209432065,0.15162611732218834,0.202808432420829,0.1386469176643717,0.010805178714249153,-0.010703516214778728,0.009670813948582213,0.015037470784381552,0.009670813948582213,0.1944310061982559,0.0016180867636645458,-0.021351774091507847,-0.0037275123031699055,0.23881106048354717,-0.0005430473216328595,0.0007555218067782921,-0.0021780573771643147,0.35480801969285136,0.15950489012798325,-0.015684669589304007,-0.008360511106503588,0.2136944641361387,0.024750337677615038,0.006553156457996799,-0.018123587801333142,0.030580959970066147,-0.0866125503958603,0.6658930343296985,0.4990332573395201,0.09659222605729965,-0.08091821523200204,0.11151480627863004,0.2467204226643202,0.10392596558768012,0.06791647631271126,0.11847683321542733,0.23340001199924423,0.0044065891468506166,0.09139635833676953,0.3146548389716171,0.0742015830850826,0.262699364752944,3.919931886687629e-05,0.018868667297752204,0.0006418209083987422,0.008150842592132454,0.025608005715609006,0.541719936951364,0.0031314740613678253,-0.022742701587642817,0.06244544887492864,0.11435544008987616,0.015621937774903201,-0.015547718932867835,0.464327809093573,-0.03447158218732081,-0.02901797140886408,0.03522869087581892,0.009751753145531493,0.22092526743027946,0.23028214579411177,-0.03548593650394202,-0.006654051608489914,0.05004313279042732,-0.06542955923936783,-0.017947613421914504,-0.050286961128904475,-0.052355622695974574,0.54352483772035,-0.026515845787714626,-0.06566528848817782,0.04172448657724974,-0.010269002258151552,-0.0008873418036205592,-5.842437916462328e-05,-0.0020699798023480847,-0.002071513503971893,0.10151233264874594,0.08156014788390249,0.05886763013103654,-0.032372008774594715,-0.02699102369478155,0.03473243461531622,-0.011031065911235217,-0.036004030480117966,0.041308883397327044,0.013926924992063671,0.001370898518806672,0.012165967836912277,0.0054094921365923495,0.015487822213700464,0.011240135243775512,0.02808496800459622,-0.00938550461166155,-0.10264478196789158,0.010491952586010527,0.0007666946001689086
Memory_SharedDirty,-0.06820251593576887,-0.044429189766465295,1.0,-0.06560512286243765,-0.013016290960146538,-0.05220933477693154,-0.07542056646684259,-0.08149868271069356,-0.031031924852183968,-0.034861959021341475,-0.022927734819087872,-0.027235734526991927,-0.022367233603808438,-0.050267915974161845,-0.055525738784172544,-0.07929492255505897,-0.05472865684540777,-0.07560889637983542,-0.04617263998359911,-0.036257620050228194,-0.004775551298334984,-0.018703978935753315,-0.0003767747601693799,-0.057312013489722674,-0.05646866972659127,-0.004144297176517053,0.0011237410853922052,-0.002115927812628163,-0.03439274062977503,0.005790843330361897,-0.002058867108233795,-0.002311122034188756,8.019530481283774e-05,-0.015342838688375757,0.0005779721299244486,-0.05223510339321167,-0.008837266692834536,-0.001681784811684512,0.013146618817370231,-0.002141321543996103,-0.013799807103412883,-0.002141321543996103,-0.021345082162059218,-0.014024176064532998,-0.0008493582195238867,-0.009496992866929106,-0.012445999186417277,-0.013643872809431034,-0.013262291484280927,-0.012008649118005392,-0.014939592608546864,-0.020320020933374004,-0.013582354365211467,-0.004849771543737053,-0.013035399443429992,-0.004158267312597817,-0.005990390446217279,-0.0013835201247127523,-0.011672005756967483,-0.014432656864234557,-0.026449893758712713,-0.0396791854341983,-0.04369917782907723,-0.05289055829534445,-0.007931543678495766,-0.01647355170561188,-0.021455387478121167,-0.0025048214347406467,-0.019347326179696783,-0.029139039399470466,0.001453017527580165,-0.032982268706015644,-0.014331089911315499,-0.008663844760125071,-0.04586294172448342,-0.00409152945175305,-0.0070096947052977945,-0.0059947605543943005,-0.004536939305821054,0.018447828689390957,-0.005664694426626451,0.011218259067650286,0.016935159033405,-0.0031915009574744373,0.005527206637886615,-0.0071445206770624796,-0.0010951919413406128,-0.04501616961927286,0.025618413825992857,0.008147277967320373,-0.022743133781245345,-0.04121298086230306,-0.015996922399358175,-0.013978112235144441,0.005108071618347311,-0.0020027655308985175,-0.05127678645463286,-0.02225839679701922,-7.230851225077308e-05,0.008849871092271028,-0.022690327312822743,-0.004854103987628669,-0.012302507628490552,-0.015877925038751857,-0.01577863969649683,-0.00314490347949694,-0.001129400603555894,-0.0010650609677833615,0.0016806030937318351,0.00725204613534592,0.0003059158157077714,-0.04107008943912619,0.05735628434109893,0.0010807389060159972,0.0004587998266873827,-0.006701763520940224,0.0005545066330747587,-0.05562834525780111,-0.06092492344561552,0.01514624235255869,0.002280660449248582,0.020231110590279974,0.017222488987470454,0.01657005496226755,0.016774264980633488,-0.01063859727897692,-0.004068036361470092,-0.026252209092747072,0.009829159016222602,-0.005819394575552656
Memory_PrivateDirty,0.9090731902261787,0.20412996585087698,-0.06560512286243765,1.0,0.1901548609447533,0.21184686158461766,0.7032823915646511,0.677051549993796,0.5863103692027019,0.3082307427875163,0.2365773302222405,0.3217812745151653,0.3002951986713155,0.3489558123575582,0.5094984039790751,0.5082475512997319,0.28216530426199105,0.41235265093369516,0.31596546924149427,0.33092974756569815,0.33953468958558164,0.044459225953271904,-0.0005358800957084774,-0.0755728654379975,-0.04956548586840944,-0.006410809362289852,0.034863641571111166,0.08507064425188997,0.17961251651213217,0.048412128229011295,0.14729168144240268,0.02072197219505689,0.002699924089842602,0.0407514216514453,0.003251442152229208,0.05399875951208967,0.08048595480446608,0.005401534045648228,-0.012475385852429006,0.0062675837347177235,0.027515785995946142,0.0062675837347177235,0.16987391658600437,0.06783736744167111,0.019704749182509397,0.08883579084907055,0.13884235992754118,0.08119203563389443,0.08760882264338539,0.08406883474711975,0.06907442476720364,0.15299556849794063,0.1042244612918482,0.07149339522657734,0.14418705142194693,0.04299649934060068,0.007164751183387547,0.011786860212574664,-0.018079424737936663,0.09828247083093278,0.0036696879578110527,-0.018642974321158894,0.030146597318809185,-0.10697852204076685,0.057668238449408965,0.09897425347611224,0.20609834158342746,0.14339353552296263,-0.018665675334313705,-0.0760741301854248,0.015030493484208008,0.1473453285066469,0.08509775298622908,0.1475323220818518,0.07276395049859814,0.019209091675728065,0.03550950920430179,0.001997946221266813,0.07910068962899407,0.02642277386893502,0.20797101573679205,0.02619216810981469,-0.028604558796605978,0.08247852868409729,0.16176999226734712,0.037788212589790794,-0.0007953577912747285,-0.12854686712438357,-0.029612682899980435,-0.008363472434084964,-0.06575017573359003,-0.1342352539944468,0.077228098768103,0.06918786072488012,-0.0050410312822452685,0.017486797151479043,0.107066538538333,-0.045055267544855164,-0.006325955633906903,-0.026397219049306957,0.1457561628565609,0.12357598758689842,0.06634875751750914,0.08390225821284111,0.1421997623555824,0.02494892346132001,0.004816142126197121,0.0026472454793536725,-0.0012361156782131977,-0.0019554194555142005,0.008222716273375508,-0.15693634107913487,-0.363567098293824,0.03774299443533733,0.04598598930689525,0.13381822444238858,0.060395981080013345,0.17541993170019296,-0.0040698564492723235,-0.04585265114328435,0.023510484393972436,-0.05507819955878142,-0.05903750589829607,-0.05409314396737593,-0.023427366547662525,-0.023194307029341228,0.001562369771875169,-0.009984425114403618,-0.06687754275232112,-0.0009555419709372853
Memory_SharedClean,0.3700550249549929,0.4094305694138636,-0.013016290960146538,0.1901548609447533,1.0,0.4363888450800785,0.38208547433045736,0.39483985023196716,0.22181367917066094,0.09352371378139955,0.12341032443063898,0.061634616294493655,0.0795941783772195,0.30635506740480833,0.3553055732758338,0.3560080603392639,0.14535106723885322,0.26177080972274736,0.44034187533038116,0.05519973374930845,0.11950988625595063,-0.09721415852682225,-0.0038210808758755836,-0.03322044225806453,-0.030899962275001417,-0.004367644692847117,0.036349947336989374,0.015850943423262147,0.10795602104858677,0.08295695072184445,0.008230546722572304,0.00394269387025664,0.007407627144874186,0.05383617989674368,0.13372528527076344,0.03472006289522659,0.18178934114952428,0.00774868096171931,0.030915512193772282,0.008382667352417472,0.014115822463597156,0.008382667352417472,0.20637485854813623,0.007047936562354264,0.03334853680941457,0.004165865783859986,0.18542204360827633,0.015782012372176944,0.018316255794179438,0.02270035930566425,0.2588034085603656,0.19275651679561961,0.0347648442972339,0.010505014877074597,0.17378601554756723,0.012409617212974997,0.004936122554535996,-0.01398618713223629,-0.04870179073674717,0.11315267051311705,0.25424244843832683,0.11752743931098833,0.008742442008636983,-0.15878006172036457,0.09087965227076196,0.18826981397873488,0.05768022458957672,-0.011679640346978869,0.0544024970510378,0.07906360519126888,0.0015849466209821872,0.10681647299519449,0.25973982848191857,0.05539452654374875,0.15170489721642205,-0.0036988241730502042,0.0053421199501026756,-0.0021333190102243733,0.0225016374572168,0.05227709922635226,0.2883403964015618,0.0076715321949786365,-0.045688827428035435,0.06055818533608021,0.10838985687136807,0.016777322561791323,-0.011729499178444864,0.12827979826688585,-0.03191697895480185,-0.0017829548574037548,-0.0884082778265198,-0.21124441022742388,0.10984901351437863,0.12338983684313139,-0.031531985712232126,-0.011880834368287999,0.1089153670100648,-0.09375307329328061,-0.025519941703959232,-0.11399266745791387,0.08831651205755886,0.25105397042602645,0.03857667212207888,0.06036972994652461,0.05518929915678967,0.016686671510029748,0.004030577732984564,0.0037090874563193116,-0.00010262865471105037,0.0031914832080150307,0.046795880616752036,-0.1774341482749493,-0.14659218926950554,0.016497355661263553,0.01871157810441001,0.04579943430766643,0.02876277354075103,0.10665063481462712,-0.14635600764402762,-0.012898113098824104,-0.004953363449366509,-0.006135728462867406,-0.019589185462203933,-0.016150944014393837,-0.015974489089688345,0.08332108082417738,0.0015147347914683767,-0.07914975435451654,-0.008677470444068141,-0.23690458899004985
Memory_PrivateClean,0.5868715178305421,0.9909998378852611,-0.05220933477693154,0.21184686158461766,0.4363888450800785,1.0,0.3748157228653264,0.39510369758898745,0.1897417462455893,0.0033106937507130616,-0.01939100916449725,0.01946317172204846,0.006605385235550471,0.3919014518714503,0.4295259905835871,0.35190569526465626,0.13564899401388106,0.2329152020580186,0.8109138249717031,0.041392860594232674,0.2870882432379816,-0.05964152597704377,-0.004578973086127435,0.2395834627091671,0.25098471391812416,-0.0042346711009666645,0.09102698617594189,0.04556378240394981,0.12163797823164649,0.16871315329388603,0.0071901719868514135,0.0145595699209269,0.007166032773842198,0.10871857642175133,0.15208433334758825,0.21006415686867566,0.17484894453102803,0.011392434363995523,-0.018935826963417498,0.009269728720723023,0.016681605841256154,0.009269728720723023,0.18994663827318253,0.0018332342613170305,-0.026909048669726564,-0.004056099939120551,0.23718347990474214,0.004054478617053882,-0.00014747743694352696,-0.0034765217359319185,0.35159206817509286,0.15368160787037857,-0.017707450500556728,-0.009598182631612617,0.21281224384470376,0.02347640190360251,0.005584530851965095,-0.01902018763049685,0.020888881233858847,-0.09907077544551507,0.6454977888109039,0.47458382502223895,0.08667578561302619,-0.09007661684207703,0.10765532363933886,0.24107844351198987,0.09631173193816535,0.060255746950705215,0.11955299940495463,0.22669904355151557,0.0024100675311092426,0.08559001234084379,0.3139476840456811,0.06811270713922293,0.2695806346458153,0.0005576048277005159,0.019255687350225453,-0.0006548832434750704,0.006856382418689385,0.028489364520623135,0.5299667692128984,0.0062906868136683005,-0.029472128688014018,0.06351097807156378,0.10968724079320115,0.019730772786801947,-0.01577621084353863,0.4406885212828917,-0.040209247343939276,-0.03368962036782634,0.02292451849924132,-0.013190278243732513,0.21306766969716243,0.2230142840860388,-0.0388677318500348,-0.008167129216894858,0.052741848856131514,-0.06249924676005367,-0.020218692798634225,-0.05433325836876474,-0.057437788210022545,0.5338832301805325,-0.030593084373247294,-0.07323529230399269,0.035965939422916676,-0.013049184127519587,-0.0008014175959179456,-0.0004125641086954972,-0.00150100389029986,-0.002181559783473403,0.09491460339541784,0.05604825708794139,0.02431798292897409,-0.01891896016018355,-0.013690027634391633,0.04386124673259465,0.00225328906203375,-0.03786525958087148,0.02429229312022426,0.013300783588614095,0.000359138724506471,0.010940103624697484,0.00494430722931163,0.01444783712372436,0.009591464188958615,0.01975478307367559,-0.006385394769471808,-0.09337737152463789,0.013972981583407785,-0.004690197002778635
Memory_HeapSize,0.7412732504387732,0.34927561096194565,-0.07542056646684259,0.7032823915646511,0.38208547433045736,0.3748157228653264,1.0,0.9833759019992031,0.7596322800451094,0.40207907398382065,0.3412225793882526,0.35452858268728593,0.3748205842079039,0.3756817275167925,0.6234473183689281,0.6288709970197325,0.32879437154013924,0.47229494036645975,0.41520954080207473,0.24881756218685774,0.4088192344295451,0.05781974286100922,-0.003667491998414371,-0.1391021060985651,-0.09518046660894486,-0.008241497161977685,0.04628208451134951,0.10052218892138712,0.18720867202957037,0.06392860290444642,0.07675217007326507,0.02078176569218022,0.005225330884345601,0.019846654770203385,-0.0031122729489441994,0.08748681955878808,0.09780675461108673,0.003798300325182249,0.013737776896617622,0.007868580053128472,0.016412341054399978,0.007868580053128472,0.03994529129525142,0.03480595298187316,0.0003183643997112147,0.037735299575772645,0.01622971639072989,0.033302959653172606,0.04270141758502801,0.04166157481482005,-0.02248280520240073,0.039359404775140994,0.06667536123741907,0.04309668498541834,0.03160665332381385,-0.009275973495674186,0.011912758718799953,-0.0005767545501818745,-0.06643118423082282,0.06929612099403427,-0.0007489965282117659,-0.03665654937342434,-0.01495835222114719,-0.11000650592985854,-0.00520319640006191,-0.01797277312700133,0.0890010672175659,0.042239770782016774,-0.07647977125991746,-0.17883488849931387,-0.01603037329925788,0.14578189097273142,0.03670384241530478,0.1268014220645363,0.04768560234737179,0.00982951160811523,0.04435170049715406,0.0018403529323651375,0.06623501524100006,0.0007295190760667316,0.23370039848518773,0.0373154955486611,-0.04575185109515176,0.06329759958549329,0.17506228403065702,0.023297939711519385,-0.011119197313298563,-0.17530650296159284,-0.054050055045784876,-0.04369318637006816,-0.10015172021867304,-0.20687450469970578,0.025380932332414365,0.022237470924249554,-0.04420089175247372,-0.0012666951119074217,0.10541678685793528,-0.03867876700821566,-0.008337446481049946,-0.048259649155794844,0.10084804707451449,0.208043050804927,0.05192183617226009,0.05223287656765145,0.10395315651249624,0.009041050847539776,0.004613360730617847,0.002339026602046573,-0.001069883218921072,-0.0008406197826166161,-0.011730023643193876,-0.20161670714348054,-0.4583048977425151,0.08241186189360089,0.09053104310690634,0.16498440296980443,0.10352078320856628,0.15911997153586357,-0.0859936105182909,-0.048348905188736066,0.07730928447991045,-0.05184354930431077,-0.06301183745945596,-0.052506509070926466,0.026005499527370753,0.02768031955994087,0.006967964263986128,-0.005763325138347087,-0.08211395183890982,-0.013766723268728059
Memory_HeapAlloc,0.7291109978812519,0.3679141454433722,-0.08149868271069356,0.677051549993796,0.39483985023196716,0.39510369758898745,0.9833759019992031,1.0,0.6289120472540803,0.39759494492044767,0.34217718459312974,0.34669527803908345,0.3678412137136813,0.3674223679005729,0.6247471394144982,0.6292181941720486,0.33634168703982326,0.477430352027125,0.4313782784450546,0.23711609958703123,0.4064022893944407,0.06195668108809733,-0.003914332315507187,-0.14424321618819405,-0.09935051631090631,-0.007922835118078654,0.047989735535654686,0.08862869097667506,0.18906097713491804,0.06831551480196896,0.07508797211191126,0.02062041709158756,0.0058410678455096164,0.019660897147288747,0.0031404394032223514,0.08941969068542431,0.09488192268599259,0.003430938637206023,0.0025606555026262104,0.007698893824186459,0.015022081026404859,0.007698893824186459,0.03758780942338118,0.030269756832117828,0.0006227380366900165,0.03459892117012803,0.017470280068556897,0.028965507158285494,0.0372739896133665,0.036220223205573596,-0.014874305860831204,0.03663040931660354,0.055875116862078335,0.036583046369571076,0.03216885018423257,-0.01103566509123224,0.01016678824500253,0.0019865134683251257,-0.06860809411181466,0.05913689725335567,0.01730001041061037,-0.02407553504354544,-0.024695626494611225,-0.12096469660847392,-0.004263707359181352,-0.015600037895577495,0.07798839509121115,0.03667718492721356,-0.07733811816728622,-0.18017400041864523,-0.01835128435743089,0.1485402787779576,0.046241099892924784,0.12068458815904597,0.04524812096318908,0.008926197286739915,0.0455481142887045,-0.0008383198748858099,0.06067494325094497,0.0013469143481989905,0.24129405778511065,0.029675131686408247,-0.04772151272608714,0.057373238399304874,0.15753535393454862,0.020684699433718885,-0.01169820116017006,-0.16139261552266562,-0.0555132804971919,-0.04245461981813162,-0.10698074716508747,-0.22247909158252474,0.029163256970193254,0.02796913560272132,-0.04116165704868372,-0.0024378140576789393,0.1084563220414248,-0.027950506046109068,-0.005942059508467001,-0.04916158756751177,0.09136369699743317,0.22766096373743988,0.04492708770580962,0.045507772127682665,0.09163366627508786,0.006457112239177698,0.0037737459688585544,0.001988290322298709,-0.0009619928090479116,-0.0009921233702346183,-0.019557206322831228,-0.20953842565371666,-0.45182119933049164,0.07795239304926736,0.08529199169566672,0.15115835965999425,0.09676702275596816,0.14410358088631794,-0.09900623699214303,-0.04636631478689441,0.0955809205186753,-0.049864871780549394,-0.061503178593179574,-0.04801027945337175,0.04497788996490927,0.031174162228976874,0.005818384353762568,-0.001913883900223132,-0.07859890388547261,-0.013863136714956054
Memory_HeapFree,0.5625193139910462,0.17776897289120897,-0.031031924852183968,0.5863103692027019,0.22181367917066094,0.1897417462455893,0.7596322800451094,0.6289120472540803,1.0,0.2975524307259571,0.23546811800285986,0.27625819416242076,0.2874059557715949,0.29259322038843644,0.43181464279255327,0.43902370392494583,0.2031546326247096,0.31225658911642806,0.23277458081490196,0.21610493991968308,0.29486734992419966,0.025662181608070954,-0.001683511777862165,-0.07897079681538845,-0.05169957048902421,-0.00691114184378162,0.026285531686208213,0.11297243423133484,0.12442875600787477,0.029043606121938174,0.05969396338828594,0.015126991590389792,0.001452863371055693,0.014559759107304011,-0.024573625890627247,0.05432595417762069,0.07894935470980392,0.003974878056536252,0.04964988766345903,0.006116432609112118,0.016469968327176617,0.006116432609112118,0.03640917074009816,0.0406142918553114,-0.0008672517310494458,0.03765140171418402,0.006919511395517087,0.03885047507850181,0.04933391269407374,0.04865581561392201,-0.042990493355148714,0.037329486174156434,0.085360989474768,0.053500838937742275,0.020114322381937735,-0.00019155548960406285,0.01459337008222977,-0.009584439581175672,-0.03871121641562239,0.08490002857211207,-0.06516883050681617,-0.07072323704783896,0.024402664790263567,-0.0377668510591926,-0.007007555088333548,-0.02108074792069574,0.1017519710146613,0.049494616332520495,-0.05046859044897209,-0.1204045108365941,-0.002909764345342477,0.09218120122346055,-0.008462566406683667,0.11068061127733099,0.04211459729656133,0.010116856237581488,0.02676517648440023,0.010882336824455609,0.06628461799306719,-0.0017005040714863178,0.13641411748910084,0.05348898548114409,-0.024976014782905537,0.06553288925225328,0.18533424182330643,0.025670294333102108,-0.005710740463508946,-0.17256464079504563,-0.03259938452916652,-0.035025408105574724,-0.04565649816976278,-0.08894169891450682,0.0042223885060885345,-0.004960100438622198,-0.04183003931087605,0.003307642460420651,0.06291495426647263,-0.06550298293317706,-0.014416351658480753,-0.030555722990989798,0.1045720978164402,0.07538554193997316,0.06140242970276175,0.06065451039966127,0.11690013910109671,0.015584335506795157,0.006236923872181614,0.0028937176185345544,-0.0011354497599843105,-4.587689703872162e-05,0.01982183413678172,-0.1127776341905596,-0.3440774104353417,0.07366794748892563,0.08214427075185657,0.1650236865530502,0.0966633787263544,0.16518142057308313,-0.013597365522093246,-0.04094969827407803,-0.011318168237002654,-0.04338203475415571,-0.04951760625642122,-0.05286314690732705,-0.04974541475121222,0.006865206015213595,0.008995594940132542,-0.017822206946978458,-0.07007686326174,-0.009292653939875401
Memory_Views,0.2562106758281065,-0.01773670218546771,-0.034861959021341475,0.3082307427875163,0.09352371378139955,0.0033106937507130616,0.40207907398382065,0.39759494492044767,0.2975524307259571,1.0,0.5454489489746336,0.4960003826398352,0.5631017428558674,0.0855932584425206,0.42388606463936546,0.43204820696336316,0.5667162199471758,0.6666769564506907,0.013786320615203554,0.09576470749846848,0.13620527916375771,0.04439436253917663,-7.094022300585455e-05,-0.07991280029186842,-0.0714960225398461,-0.0023588486685341844,0.0005173480176563894,0.06142886948150419,0.050755617951103234,0.0012250686671987034,0.020750477699994822,0.012159711847442934,0.011858728995191067,-0.010056726452068959,-0.01665673335984284,-0.015016015108051154,0.06813595787764448,-0.0008917507686356114,0.01143394677921408,0.0010851668550010208,0.015716267368975422,0.0010851668550010208,0.03112681102806008,0.024949088229465826,0.0012445038944196333,0.03969459792822592,-0.007878753485364322,0.023711523016810968,0.025161781459668082,0.02371390642664629,-0.02680066611294892,0.03895279931877285,0.0387180514750572,0.019359496200993507,0.0023680340360814865,0.005606388903963519,0.012678958274419195,0.014963062843737754,-0.03637610687609308,0.023937488562657133,-0.09658229166971918,-0.06761874421783837,-0.004957286761847149,0.011002706516784689,-0.015541195116985772,-0.029692672228583742,0.012934343471709993,-0.00521551458764145,-0.024016499790139423,-0.07749993469695844,-0.006909605347601972,0.032363237122757224,-0.006845202428502942,0.04141177216481334,-0.018726278682229,0.0018595582741452478,0.17231746198270168,-0.004077740587732918,0.02720139233625287,-0.00926130820172069,0.03509928257944252,0.008661036393681662,-0.01718375187283975,0.026507808575670685,0.14009687546199662,0.014028461079404822,-0.00475416336010766,-0.12069308346081555,-0.01944692677480906,-0.017614968045177794,-0.04730036841614443,-0.0773182227169696,-0.02165991277860787,-0.0211639770859498,-0.014865460588057657,-0.002241651456253084,0.029856873445722052,-0.021957254795344,-0.006791472816489013,-0.019148356993550508,0.09446388867170807,0.004090220801041278,0.03886134311083246,0.03087791241872885,0.04667163301160894,0.0112092950037385,0.0028260447918429248,0.0004470988249443648,-0.000810546556745036,-0.0024419689168570695,0.037293453233470726,0.06594573788738158,-0.19665295087884985,0.05382718516190507,0.05585867027478956,0.06737206490131045,0.05950608679037931,0.058894099701633576,-0.030091183965864115,-0.01697856280904886,-0.002753401673886127,-0.008583353776217221,-0.022250680393776416,-0.0018457458342487389,-0.013158777746564805,-0.01634729600549568,0.015693071567994217,0.016319046534811227,-0.04932475215892967,-0.008487775284159655
Memory_ViewRootImpl,0.18772032353656495,-0.04707539720061888,-0.022927734819087872,0.2365773302222405,0.12341032443063898,-0.01939100916449725,0.3412225793882526,0.34217718459312974,0.23546811800285986,0.5454489489746336,1.0,0.6273867857759408,0.7214257464744049,0.019128514334684144,0.5286840326389232,0.5475542247650967,0.35674197206356595,0.2962294184054882,-0.016273013134565507,0.053287356060358476,0.09474516621876082,-0.01101047309523441,0.001933451508796192,-0.10600590349331938,-0.09150938419370025,-0.0033925728413936864,-0.005272088854968352,0.02164074781480535,0.04087356253000128,-0.01338224145700765,0.021627574194094366,0.005906908970353532,0.018082229832093667,-0.02605244340729908,-0.030656986282118773,-0.02305813367570008,0.07412563290933681,-0.0020976607498368813,-0.01535808123307096,-0.0011172888525407354,0.007952043090334924,-0.0011172888525407354,-0.01639626151389485,0.002971381628736615,-0.015633126295589453,0.00035627160826394086,0.0048847646887662495,0.010035483762532776,0.008077895305947767,0.002079894588067457,-0.0718415822960651,-0.023788279043190013,0.005051283358102373,0.005494668375740336,0.006577670672555045,-0.011649912375397376,-0.000305842622144635,0.00627909882595005,-0.054842650454520886,0.016296550698740746,-0.14466744981168647,-0.13733686425914965,-0.06266432958317475,-0.0015172315727021463,-0.02561356171253492,-0.05486358464017295,-0.0244429211222192,-0.019887381590788285,-0.04724762209820806,-0.10430555993692728,-0.013520730987136196,0.005779095646757291,-0.04802219562797842,0.02268850522659523,-0.04004598379623296,-0.00022371622888810673,0.05891965756606703,-0.004387325999829264,0.012830917042284489,-0.011021648991876647,-0.017502890657188512,0.003154253924729833,-0.029861671917815406,0.0003893460486759621,0.02827833773669773,0.006358201230778775,-0.012504115751477399,-0.17330668765828383,-0.02031849443808932,-0.018245490385114888,-0.06986964716944613,-0.1137651953592767,-0.044504460711255224,-0.043457342613831405,-0.019886219803888293,-0.0018274231737663116,0.010077406543484697,-0.005041825202482753,0.004515609079491262,-0.023902292935331765,0.014107582991702845,-0.02734336798165119,0.010659264142189203,0.0059800675401030685,0.001951613104739632,-0.0017607904529662291,0.0002986842290292864,-0.0005674438139754167,-0.0007004733076164822,-0.003453111309421627,0.09097439503194447,-0.08215766065420783,-0.24807853591228518,0.034014902093269725,0.034342256684130795,0.03154595733680375,0.03327590860015045,0.04711677285858511,-0.10096017016259169,-0.028201629190630767,-0.008867062680500639,-0.02570946789225064,-0.029714927728309963,-0.029677169061042792,-0.032114315458265374,-0.019156476084254286,0.013479987662122642,0.02452500871201598,-0.03789428396171596,-0.011675656661323138
Memory_AppContexts,0.27265076707910396,0.008781407879281215,-0.027235734526991927,0.3217812745151653,0.061634616294493655,0.01946317172204846,0.35452858268728593,0.34669527803908345,0.27625819416242076,0.4960003826398352,0.6273867857759408,1.0,0.8839518254006258,0.08672517848186814,0.5574635525313033,0.608831901218146,0.3895359326039919,0.3814198129108192,0.03467301638341263,0.09319330763385258,0.173708417924744,0.1670533963453647,0.0035401885832690556,-0.06255511491729071,-0.04284100287757041,-0.004671781448459683,0.011841287449532499,0.09051607837177737,0.070402588508936,0.018677985636321396,0.0266651599772711,0.004233431151758725,0.017785036537166007,-0.006454933831639001,-0.02101747758495123,0.034400802535398414,0.031024087695225105,-0.0025490423379160897,-0.00011057160293528026,0.0019030097855574112,0.011753556320838418,0.0019030097855574112,0.1561373904318532,0.011784107204614739,-0.013407644604702023,0.00745268370250949,0.10735871552888385,0.02191677636853342,0.011475129015442257,0.011203995373257768,0.03482763491746509,0.155786172146581,0.024565794193303077,0.017605089259278128,0.09675587904533471,0.20332168197454503,0.0037413174069310853,0.03431443685321325,0.07347854528509669,0.06425353233161696,-0.03108129358885783,0.008892550912955387,0.04794044907699139,0.062070773505011806,-0.011992527541445041,-0.027451498543054106,-0.0021562415447582647,-0.005335239472108283,-0.018946923306582483,-0.08449649542545408,0.02850250326775868,0.045115315765744624,-0.010265578682891739,0.0789499048365791,-0.011223292159003272,0.0036773764627549077,0.07280834538700758,-0.001830655474119273,0.024781762128899987,0.10051476747783922,0.0795493906510529,0.025846200776050425,-0.04283380128552891,0.012856610724150752,0.07393246310348621,0.006617438635484189,0.016155602732598813,-0.108738351694365,-0.03306271769828028,-0.013857525484885981,-0.02315341068216809,-0.053779438777389825,0.0032045961530026306,-0.0005682383521991872,-0.013340165492056352,-0.003518805539943443,0.04528155451112092,-0.008515309767016997,0.0068574122506416015,-0.009868451702882714,0.12190112806277795,0.08455968524478448,0.02971383371385636,0.06715363045969171,0.03332346684189017,0.037266502282352794,0.0028518527628294175,0.00038493992071695157,-0.0008800427657441485,-0.0010588729988081657,0.1305601491658192,0.007586828041828043,-0.1968949612163047,0.007400253911406564,0.009127363035125562,0.022826754106889897,0.010888178661611833,0.09777580862599933,0.09699651648571063,-0.02263446287334424,-0.006273710409119631,-0.022058513806815706,-0.02678846874415452,-0.016809646440863975,-0.024546161703411624,0.0007093385688668178,0.008967448359800824,0.014808982954881986,-0.031618709592530325,-0.00021327411247063963
